0 1 // Best Case Scenario
0 2
0 2
0 1
1 3
0 3
1 3
0 4
0 3
1 5
0 5
0 6
1 7
0 4
1 8
0 9
1 a
0 8
0 a
0 8
0 6
0 7
0 8
1 8
0 8
0 6
0 7
0 8
1 8
0 8
0 6
0 7
0 a
0 6
0 7
0 a
1 a
0 a
0 6
0 7
0 a
1 a
0 a
0 6
0 7
0 a
1 a
0 a
0 6
0 7
0 8
0 a
0 8
0 b
1 c
0 a
0 b
0 8
1 d
0 c
1 d
0 8
1 8
0 a
1 a
0 8
0 a
0 8
0 9
0 8
0 2
0 2
0 8
1 e
0 e
1 e
0 f
0 e
1 10
0 10
0 11
1 12
0 f
1 13
0 14
1 15
0 13
0 15
0 13
0 11
0 12
0 13
1 13
0 13
0 11
0 12
0 15
0 11
0 12
0 15
1 15
0 15
0 11
0 12
0 13
0 15
0 13
0 b
1 16
0 15
0 b
0 13
1 17
0 16
1 17
0 13
1 13
0 15
1 15
0 13
0 15
0 13
0 14
0 f
0 15
0 4
0 a
0 1
0 a
0 a
0 1
1 e
0 e
1 e
0 f
0 e
1 10
0 10
0 11
1 12
0 f
1 13
0 14
1 15
0 13
0 15
0 13
0 11
0 12
0 15
0 11
0 12
0 15
1 15
0 15
0 11
0 12
0 13
0 15
0 13
0 b
1 16
0 15
0 b
0 13
1 17
0 16
1 17
0 13
1 13
0 15
1 15
0 13
0 15
0 13
0 14
0 f
0 15